%YAML:1.0

image_width: 1280
image_height: 720
camera_matrix: !!opencv-matrix
   rows: 3
   cols: 3
   dt: d
   data: [925.6657756951661, 0., 487.3672552673321, 0., 927.3296399505182, 359.7220480638321, 0., 0., 1.]
distortion_coefficients: !!opencv-matrix
   rows: 1
   cols: 5
   dt: d
   data: [0.04989630999821178, -0.2058342015336715, -0.001822072016646426, 0.001237658388223798, 0.3411371890340774]
