%YAML:1.0

image_width: 1280
image_height: 720
camera_matrix: !!opencv-matrix
   rows: 3
   cols: 3
   dt: d
   data: [922.948022264483, 0., 481.7977443019267, 0., 926.4024476874957, 351.2442845518445, 0., 0., 1.]
distortion_coefficients: !!opencv-matrix
   rows: 1
   cols: 5
   dt: d
   data: [-0.006697304429061632, -0.03832759850718452, -0.003765414311889565, 0.001185966363168324, 0.3353849632390116]
